 1100    7  1.000000MIDLATITUDE SUMM H1=    0.19 H2=   20.00 ANG=   0.000 LEN= 0
   990.3381        293.33              3   0.190 990.907 293.35  0.200 989.758 293.30
  4.2464786E+20  7.9329324E+18  7.3930319E+14  7.6927025E+15  3.5821984E+15  4.0867228E+16  5.0241375E+21  1.8996994E+22
   989.1874        293.28              3                         0.210 988.610 293.26
  4.2293374E+20  7.9256185E+18  7.3930212E+14  7.6850811E+15  3.5775370E+15  4.0827680E+16  5.0195804E+21  1.8978459E+22
   988.0225        293.22              3                         0.220 987.463 293.21
  4.2122980E+20  7.9178345E+18  7.3930319E+14  7.6778935E+15  3.5728861E+15  4.0788248E+16  5.0146225E+21  1.8961147E+22
   986.9030        293.19              3                         0.230 986.318 293.17
  4.1953553E+20  7.9105332E+18  7.3930319E+14  7.6704234E+15  3.5682680E+15  4.0751303E+16  5.0097598E+21  1.8942955E+22
   985.7393        293.14              3                         0.240 985.174 293.12
  4.1784049E+20  7.9026590E+18  7.3973577E+14  7.6630721E+15  3.5635685E+15  4.0711750E+16  5.0051514E+21  1.8925213E+22
   984.5951        293.09              3                         0.250 984.031 293.08
  4.1615372E+20  7.8953005E+18  7.3930319E+14  7.6560235E+15  3.5591199E+15  4.0671627E+16  5.0002949E+21  1.8907037E+22
   983.4360        293.04              3                         0.260 982.889 293.03
  4.1447574E+20  7.8874951E+18  7.3930212E+14  7.6488106E+15  3.5544202E+15  4.0632083E+16  4.9953747E+21  1.8889585E+22
   982.3340        293.02              3                         0.270 981.749 292.99
  4.1280803E+20  7.8802169E+18  7.4055953E+14  7.6412982E+15  3.5498130E+15  4.0593394E+16  4.9907883E+21  1.8870458E+22
   981.1946        292.97              3                         0.280 980.611 292.94
  4.1114265E+20  7.8728221E+18  7.4055732E+14  7.6340016E+15  3.5452244E+15  4.0555641E+16  4.9858614E+21  1.8852217E+22
   980.0355        292.91              3                         0.290 979.473 292.90
  4.0948216E+20  7.8650299E+18  7.4055732E+14  7.6268709E+15  3.5406927E+15  4.0516153E+16  4.9813077E+21  1.8834418E+22
   978.9255        292.88              3                         0.300 978.337 292.85
  4.0783025E+20  7.8577517E+18  7.4055953E+14  7.6193611E+15  3.5360471E+15  4.0479307E+16  4.9764106E+21  1.8816280E+22
   977.7711        292.83              3                         0.310 977.202 292.81
  4.0618911E+20  7.8497939E+18  7.3973577E+14  7.6120613E+15  3.5315433E+15  4.0439033E+16  4.9718406E+21  1.8798403E+22
   976.6313        292.78              3                         0.320 976.069 292.76
  4.0454703E+20  7.8425647E+18  7.4055732E+14  7.6050052E+15  3.5269267E+15  4.0400202E+16  4.9668844E+21  1.8781666E+22
   975.5092        292.74              3                         0.330 974.937 292.72
  4.0291915E+20  7.8352864E+18  7.3973799E+14  7.5978235E+15  3.5223212E+15  4.0362698E+16  4.9623430E+21  1.8762455E+22
   974.3877        292.70              3                         0.340 973.806 292.67
  4.0129050E+20  7.8274007E+18  7.4055732E+14  7.5901967E+15  3.5178169E+15  4.0323090E+16  4.9574178E+21  1.8744921E+22
   973.2399        292.65              3                         0.350 972.677 292.63
  3.9967244E+20  7.8200258E+18  7.3973577E+14  7.5830665E+15  3.5133227E+15  4.0285475E+16  4.9528168E+21  1.8727037E+22
   972.1163        292.60              3                         0.360 971.548 292.58
  3.9806068E+20  7.8128212E+18  7.4055953E+14  7.5759588E+15  3.5087174E+15  4.0246743E+16  4.9479642E+21  1.8709642E+22
   970.9737        292.55              3                         0.370 970.421 292.54
  3.9645575E+20  7.8049361E+18  7.3973577E+14  7.5687299E+15  3.5040917E+15  4.0207130E+16  4.9433480E+21  1.8691682E+22
   969.8685        292.52              3                         0.380 969.296 292.49
  3.9485718E+20  7.7976348E+18  7.4055732E+14  7.5612046E+15  3.4995971E+15  4.0169523E+16  4.9384391E+21  1.8673507E+22
   968.7091        292.45              3                         0.390 968.172 292.45
  3.9326403E+20  7.7903335E+18  7.4055732E+14  7.5539981E+15  3.4951435E+15  4.0131912E+16  4.9338381E+21  1.8656344E+22
   967.6241        292.43              3                         0.400 967.049 292.40
  3.9168102E+20  7.7829794E+18  7.4099601E+14  7.5468900E+15  3.4906587E+15  4.0093163E+16  4.9289843E+21  1.8637407E+22
   966.4797        292.37              3                         0.410 965.927 292.36
  3.9009832E+20  7.7751695E+18  7.4055732E+14  7.5396599E+15  3.4860754E+15  4.0055441E+16  4.9243287E+21  1.8620863E+22
   965.3538        292.33              3                         0.420 964.807 292.31
  3.8852533E+20  7.7678682E+18  7.4055732E+14  7.5326081E+15  3.4815799E+15  4.0015953E+16  4.9197283E+21  1.8602359E+22
   964.2416        292.28              3                         0.430 963.687 292.27
  3.8695917E+20  7.7605900E+18  7.4099601E+14  7.5255000E+15  3.4769763E+15  3.9979076E+16  4.9148740E+21  1.8584831E+22
   963.1470        292.25              3                         0.440 962.570 292.22
  3.8539909E+20  7.7531881E+18  7.4055732E+14  7.5182683E+15  3.4724701E+15  3.9941362E+16  4.9102589E+21  1.8566141E+22
   962.0188        292.20              3                         0.450 961.453 292.18
  3.8384310E+20  7.7454811E+18  7.4055732E+14  7.5107489E+15  3.4680164E+15  3.9901870E+16  4.9056951E+21  1.8549008E+22
   960.9018        292.16              3                         0.460 960.338 292.13
  3.8229956E+20  7.7381248E+18  7.4055953E+14  7.5040300E+15  3.4635730E+15  3.9864989E+16  4.9010716E+21  1.8530454E+22
   959.7620        292.10              3                         0.470 959.224 292.09
  3.8075380E+20  7.7308009E+18  7.4055732E+14  7.4964096E+15  3.4591522E+15  3.9825376E+16  4.8961863E+21  1.8514199E+22
   958.6567        292.06              3                         0.480 958.112 292.04
  3.7922036E+20  7.7234199E+18  7.4055732E+14  7.4892794E+15  3.4546121E+15  3.9787211E+16  4.8915498E+21  1.8496203E+22
   957.5637        292.02              3                         0.490 957.000 292.00
  3.7769393E+20  7.7162214E+18  7.4099601E+14  7.4821713E+15  3.4502117E+15  3.9750897E+16  4.8869989E+21  1.8477835E+22
   956.4490        291.97              3                         0.500 955.890 291.95
  3.7616784E+20  7.7088168E+18  7.4055732E+14  7.4750191E+15  3.4455892E+15  3.9711289E+16  4.8820788E+21  1.8460667E+22
   955.3576        291.94              3                         0.510 954.781 291.90
  3.7464879E+20  7.7015963E+18  7.4055732E+14  7.4678894E+15  3.4412505E+15  3.9673708E+16  4.8774778E+21  1.8442130E+22
   954.2253        291.88              3                         0.520 953.674 291.86
  3.7313829E+20  7.6942136E+18  7.4055732E+14  7.4607592E+15  3.4367966E+15  3.9636131E+16  4.8728768E+21  1.8425619E+22
   953.1414        291.85              3                         0.530 952.568 291.82
  3.7163581E+20  7.6865143E+18  7.4055732E+14  7.4536291E+15  3.4322726E+15  3.9597202E+16  4.8682764E+21  1.8406912E+22
   952.0005        291.78              3                         0.540 951.463 291.77
  3.7013604E+20  7.6791767E+18  7.4056168E+14  7.4466272E+15  3.4279090E+15  3.9559866E+16  4.8637362E+21  1.8389848E+22
   950.8887        291.73              3                         0.550 950.359 291.73
  3.6864278E+20  7.6718303E+18  7.4055732E+14  7.4392844E+15  3.4234792E+15  3.9522603E+16  4.8590744E+21  1.8372447E+22
   949.8287        291.71              3                         0.560 949.257 291.68
  3.6715786E+20  7.6645290E+18  7.4055732E+14  7.4323233E+15  3.4190256E+15  3.9485039E+16  4.8542009E+21  1.8354162E+22
   948.7212        291.67              3                         0.570 948.156 291.64
  3.6567839E+20  7.6572277E+18  7.4055732E+14  7.4254874E+15  3.4145720E+15  3.9448008E+16  4.8495701E+21  1.8336854E+22
   947.6240        291.62              3                         0.580 947.056 291.59
  3.6419889E+20  7.6499269E+18  7.4055732E+14  7.4180640E+15  3.4101181E+15  3.9407987E+16  4.8449989E+21  1.8318874E+22
   946.5169        291.57              3                         0.590 945.958 291.55
  3.6273328E+20  7.6426256E+18  7.4055732E+14  7.4113113E+15  3.4057102E+15  3.9370956E+16  4.8403687E+21  1.8301544E+22
   945.4091        291.52              3                         0.600 944.861 291.50
  3.6127074E+20  7.6353694E+18  7.4181689E+14  7.4038493E+15  3.4012769E+15  3.9334157E+16  4.8358257E+21  1.8284446E+22
   944.3173        291.48              3                         0.610 943.765 291.46
  3.5981147E+20  7.6280230E+18  7.4181252E+14  7.3970498E+15  3.3969594E+15  3.9296365E+16  4.8311954E+21  1.8266364E+22
   943.1967        291.42              3                         0.620 942.670 291.41
  3.5836279E+20  7.6207222E+18  7.4181252E+14  7.3900072E+15  3.3925058E+15  3.9259325E+16  4.8265668E+21  1.8249797E+22
   942.1072        291.38              3                         0.630 941.577 291.37
  3.5691523E+20  7.6134209E+18  7.4181252E+14  7.3827889E+15  3.3882084E+15  3.9221268E+16  4.8219929E+21  1.8231785E+22
   941.0342        291.34              3                         0.640 940.484 291.32
  3.5547711E+20  7.6061196E+18  7.4181252E+14  7.3757473E+15  3.3838010E+15  3.9184730E+16  4.8173919E+21  1.8214380E+22
   939.9424        291.30              3                         0.650 939.393 291.28
  3.5404134E+20  7.5988189E+18  7.4137504E+14  7.3686172E+15  3.3793941E+15  3.9145238E+16  4.8127655E+21  1.8196619E+22
   938.8311        291.24              3                         0.660 938.304 291.23
  3.5261500E+20  7.5915626E+18  7.4099823E+14  7.3615310E+15  3.3750691E+15  3.9110367E+16  4.8082186E+21  1.8179868E+22
   937.7461        291.20              3                         0.670 937.216 291.18
  3.5119485E+20  7.5846890E+18  7.4099380E+14  7.3548158E+15  3.3706895E+15  3.9072593E+16  4.8035883E+21  1.8161738E+22
   936.6730        291.16              3                         0.680 936.128 291.14
  3.4977822E+20  7.5773877E+18  7.4181252E+14  7.3477753E+15  3.3663438E+15  3.9033105E+16  4.7989873E+21  1.8144521E+22
   935.5903        291.12              3                         0.690 935.043 291.10
  3.4836860E+20  7.5701755E+18  7.4099380E+14  7.3405549E+15  3.3619372E+15  3.8998002E+16  4.7943633E+21  1.8126518E+22
   934.5046        291.07              3                         0.700 933.958 291.05
  3.4696379E+20  7.5628747E+18  7.4099380E+14  7.3336062E+15  3.3576385E+15  3.8958514E+16  4.7897854E+21  1.8109843E+22
   933.4141        291.03              3                         0.710 932.875 291.01
  3.4556085E+20  7.5554827E+18  7.4137504E+14  7.3263853E+15  3.3532804E+15  3.8923412E+16  4.7851838E+21  1.8092381E+22
   932.3149        290.97              3                         0.720 931.793 290.96
  3.4416846E+20  7.5483166E+18  7.4225632E+14  7.3197560E+15  3.3489530E+15  3.8886578E+16  4.7805901E+21  1.8075273E+22
   931.2672        290.95              3                         0.730 930.712 290.92
  3.4277882E+20  7.5410615E+18  7.4181252E+14  7.3126736E+15  3.3445273E+15  3.8848821E+16  4.7759818E+21  1.8057094E+22
   930.1603        290.89              3                         0.740 929.633 290.87
  3.4139952E+20  7.5341395E+18  7.4225189E+14  7.3055439E+15  3.3402761E+15  3.8811751E+16  4.7713808E+21  1.8040405E+22
   929.1124        290.86              3                         0.750 928.554 290.83
  3.4002205E+20  7.5268382E+18  7.4137504E+14  7.2984138E+15  3.3358710E+15  3.8774230E+16  4.7670574E+21  1.8022066E+22
   928.0079        290.80              3                         0.760 927.477 290.78
  3.3864810E+20  7.5196293E+18  7.4225189E+14  7.2917383E+15  3.3315712E+15  3.8737156E+16  4.7624564E+21  1.8005373E+22
   926.9420        290.76              3                         0.770 926.401 290.74
  3.3728267E+20  7.5122345E+18  7.4181252E+14  7.2847021E+15  3.3273198E+15  3.8699640E+16  4.7578554E+21  1.7988113E+22
   925.8599        290.71              3                         0.780 925.327 290.69
  3.3592367E+20  7.5051196E+18  7.4225189E+14  7.2776659E+15  3.3229155E+15  3.8662123E+16  4.7532550E+21  1.7970582E+22
   924.7988        290.67              3                         0.790 924.254 290.65
  3.3457231E+20  7.4982383E+18  7.4181689E+14  7.2709394E+15  3.3186345E+15  3.8625277E+16  4.7486821E+21  1.7953419E+22
   923.7164        290.62              3                         0.800 923.182 290.60
  3.3321975E+20  7.4909859E+18  7.4181252E+14  7.2638608E+15  3.3143637E+15  3.8589946E+16  4.7440530E+21  1.7935766E+22
   922.6398        290.57              3                         0.810 922.111 290.56
  3.3187497E+20  7.4835900E+18  7.4181252E+14  7.2570876E+15  3.3101125E+15  3.8553284E+16  4.7397476E+21  1.7919015E+22
   921.5878        290.54              3                         0.820 921.041 290.51
  3.3053775E+20  7.4763839E+18  7.4181252E+14  7.2501491E+15  3.3058610E+15  3.8514935E+16  4.7351466E+21  1.7901450E+22
   920.4913        290.48              3                         0.830 919.973 290.47
  3.2920515E+20  7.4691777E+18  7.4225189E+14  7.2430189E+15  3.3014579E+15  3.8478264E+16  4.7305304E+21  1.7884715E+22
   919.4354        290.44              3                         0.840 918.906 290.42
  3.2787993E+20  7.4622469E+18  7.4262736E+14  7.2358887E+15  3.2973081E+15  3.8440760E+16  4.7259446E+21  1.7867406E+22
   918.3871        290.41              3                         0.850 917.840 290.38
  3.2655911E+20  7.4550863E+18  7.4181689E+14  7.2293502E+15  3.2930762E+15  3.8405890E+16  4.7216518E+21  1.7849639E+22
   917.3305        290.37              3                         0.860 916.775 290.33
  3.2523923E+20  7.4482050E+18  7.4225189E+14  7.2221770E+15  3.2887045E+15  3.8368562E+16  4.7170230E+21  1.7832232E+22
   916.2414        290.31              3                         0.870 915.712 290.29
  3.2392608E+20  7.4410016E+18  7.4181252E+14  7.2154973E+15  3.2844536E+15  3.8331071E+16  4.7124223E+21  1.7815455E+22
   915.1898        290.27              3                         0.880 914.650 290.24
  3.2262039E+20  7.4337003E+18  7.4181252E+14  7.2084659E+15  3.2801511E+15  3.8295969E+16  4.7081148E+21  1.7797853E+22
   914.1169        290.22              3                         0.890 913.589 290.20
  3.2132050E+20  7.4268618E+18  7.4181252E+14  7.2017845E+15  3.2758999E+15  3.8258864E+16  4.7035020E+21  1.7781593E+22
   913.0646        290.18              3                         0.900 912.529 290.15
  3.2002132E+20  7.4196595E+18  7.4225189E+14  7.1947542E+15  3.2717002E+15  3.8221378E+16  4.6989126E+21  1.7764264E+22
   912.0081        290.13              3                         0.910 911.471 290.11
  3.1873273E+20  7.4124022E+18  7.4181689E+14  7.1877668E+15  3.2674688E+15  3.8186503E+16  4.6946108E+21  1.7747293E+22
   910.9357        290.08              3                         0.920 910.414 290.06
  3.1744600E+20  7.4055187E+18  7.4306766E+14  7.1809416E+15  3.2631983E+15  3.8149162E+16  4.6900033E+21  1.7729836E+22
   909.8754        290.03              3                         0.930 909.358 290.02
  3.1616768E+20  7.3983174E+18  7.4306766E+14  7.1739123E+15  3.2590451E+15  3.8111684E+16  4.6856748E+21  1.7712743E+22
   908.8193        289.99              3                         0.940 908.303 289.97
  3.1489137E+20  7.3910167E+18  7.4306766E+14  7.1672294E+15  3.2548459E+15  3.8076582E+16  4.6810834E+21  1.7695905E+22
   907.7751        289.95              3                         0.950 907.249 289.93
  3.1362445E+20  7.3842772E+18  7.4306766E+14  7.1603021E+15  3.2505947E+15  3.8039104E+16  4.6767656E+21  1.7678280E+22
   906.7106        289.89              3                         0.960 906.197 289.88
  3.1235757E+20  7.3769759E+18  7.4306766E+14  7.1536191E+15  3.2463964E+15  3.8004362E+16  4.6721649E+21  1.7661941E+22
   905.6537        289.85              3                         0.970 905.146 289.84
  3.1110099E+20  7.3701787E+18  7.4307209E+14  7.1469781E+15  3.2422609E+15  3.7967116E+16  4.6678831E+21  1.7645245E+22
   904.6169        289.81              3                         0.980 904.096 289.79
  3.0984530E+20  7.3629351E+18  7.4306766E+14  7.1399075E+15  3.2379474E+15  3.7929767E+16  4.6632539E+21  1.7627442E+22
   903.5699        289.77              3                         0.990 903.047 289.75
  3.0859537E+20  7.3561957E+18  7.4225189E+14  7.1328804E+15  3.2337920E+15  3.7894320E+16  4.6589372E+21  1.7611139E+22
   902.5022        289.71              3                         1.000 902.000 289.70
  3.0734942E+20  7.3488944E+18  7.4225189E+14  7.1260916E+15  3.2296898E+15  3.7857195E+16  4.6543365E+21  1.7594270E+22
   851.8694        287.48              3                         2.000 802.000 285.20
  2.4687691E+22  6.9972906E+20  7.4415909E+16  6.7852526E+17  3.0210577E+17  3.6046659E+18  4.4316184E+23  1.6755485E+24
   755.8371        282.24              3                         3.000 710.000 279.20
  1.4839102E+22  6.3479412E+20  7.5941877E+16  6.1555774E+17  2.6435357E+17  3.2701518E+18  4.0203616E+23  1.5201714E+24
   668.8516        276.24              3                         4.000 628.000 273.20
  8.4342412E+21  5.7564901E+20  7.8671165E+16  5.5820532E+17  2.3212934E+17  2.9628908E+18  3.6457770E+23  1.3783191E+24
   590.8631        270.24              3                         5.000 554.000 267.20
  4.6740102E+21  5.2083919E+20  8.1329191E+16  5.0505623E+17  2.0637395E+17  2.6706093E+18  3.2986471E+23  1.2468588E+24
   520.3732        264.24              3                         6.000 487.000 261.20
  2.6335880E+21  4.6958291E+20  8.4537128E+16  4.5535291E+17  1.8436364E+17  2.3900648E+18  2.9740246E+23  1.1242292E+24
   456.3720        258.00              3                         7.000 426.000 254.70
  1.6026522E+21  4.2194362E+20  9.0169652E+16  4.0915741E+17  1.6209787E+17  2.1233756E+18  2.6723099E+23  1.0104116E+24
   398.8837        251.50              3                         8.000 372.000 248.20
  9.4325065E+20  3.7847284E+20  9.6501997E+16  3.6672242E+17  1.3949606E+17  1.8799343E+18  2.3969950E+23  9.0632413E+23
   347.8939        245.00              3                         9.000 324.000 241.70
  5.3733784E+20  3.3897345E+20  1.0340907E+17  3.2657210E+17  1.1707284E+17  1.6662289E+18  2.1468319E+23  8.1161833E+23
   302.4039        238.55              3                        10.000 281.000 235.30
  2.9773315E+20  3.0270097E+20  1.1035489E+17  2.8710942E+17  9.5880687E+16  1.4651440E+18  1.9171054E+23  7.2461290E+23
   261.9114        232.10              3                        11.000 243.000 228.80
  1.3148228E+20  2.6948551E+20  1.2500726E+17  2.4851712E+17  7.7284861E+16  1.2745749E+18  1.7067418E+23  6.4509648E+23
   225.9184        225.60              3                        12.000 209.000 222.30
  4.1171868E+19  2.3913644E+20  1.4486806E+17  2.1471254E+17  6.0780698E+16  1.1053049E+18  1.5145303E+23  5.7247395E+23
   193.9258        219.10              3                        13.000 179.000 215.80
  1.0678610E+19  2.1134890E+20  1.6574750E+17  1.8564293E+17  4.5373344E+16  9.5667751E+17  1.3385429E+23  5.0595856E+23
   165.9990        215.75              3                        14.000 153.000 215.70
  3.5738820E+18  1.8364858E+20  2.0241621E+17  1.5753023E+17  3.1667545E+16  8.1546682E+17  1.1631078E+23  4.3963657E+23
   141.5000        215.70              3                        15.000 130.000 215.70
  1.9784284E+18  1.5655163E+20  2.2227818E+17  1.3106961E+17  2.1233047E+16  6.8163756E+17  9.9149367E+22  3.7478416E+23
   120.5000        215.70              3                        16.000 111.000 215.70
  1.3540303E+18  1.3333962E+20  2.2108848E+17  1.0782679E+17  1.4135256E+16  5.6825328E+17  8.4448438E+22  3.1920174E+23
   103.0000        215.70              3                        17.000 95.0000 215.70
  1.1229123E+18  1.1398228E+20  2.2361709E+17  8.6946674E+16  9.5897310E+15  4.7436354E+17  7.2188766E+22  2.7286112E+23
   88.10583        216.23              3                        18.000 81.2000 216.80
  9.3587097E+17  9.7252982E+19  2.4668945E+17  6.7741577E+16  6.5550800E+15  3.9486978E+17  6.1593534E+22  2.3280162E+23
   75.35494        217.33              3                        19.000 69.5000 217.90
  7.9613699E+17  8.2767233E+19  3.0761456E+17  5.0372042E+16  4.4012189E+15  3.2666707E+17  5.2419256E+22  1.9810472E+23
   64.50495        218.53              3                        20.000 59.5000 219.20
  6.9348377E+17  7.0450020E+19  3.6960935E+17  3.6836457E+16  3.0745671E+15  2.6750755E+17  4.4618341E+22  1.6865809E+23
